41256
1000
3038
3041
3046
3050
3051
3054
3057
3063
3064
3068
3071
3075
3075
3080
3081
3084
3085
3089
3091
3094
3096
3099
3102
3104
3108
3111
3112
3114
3115
3121
3123
3125
3128
3131
3134
3137
3144
3147
3152
3152
3155
3159
3161
3165
3167
3169
3171
3173
3177
3180
3182
3184
3185
3186
3188
3192
3194
3198
3202
3205
3207
3210
3214
3216
3222
3225
3227
3231
3233
3236
3239
3243
3245
3249
3251
3255
3262
3267
3269
3271
3274
3278
3280
3286
3287
3291
3293
3297
3300
3305
3309
3313
3315
3318
3320
3323
3325
3330
3333
3337
3343
3348
3354
3358
3361
3364
3368
3370
3373
3376
3379
3381
3382
3386
3391
3395
3397
3402
3406
3411
3414
3416
3421
3428
3431
3435
3437
3442
3445
3449
3452
3456
3460
3462
3465
3471
3477
3477
3482
3485
3488
3492
3494
3497
3504
3507
3510
3513
3515
3519
3525
3531
3534
3538
3541
3546
3551
3555
3556
3558
3561
3565
3572
3578
3581
3584
3586
3589
3591
3599
3604
3609
3611
3614
3619
3622
3629
3634
3638
3641
3648
3651
3655
3658
3662
3668
3671
3675
3682
3687
3693
3696
3698
3701
3705
3709
3711
3715
3719
3728
3732
3738
3739
3742
3747
3757
3760
3761
3766
3769
3770
3776
3780
3786
3786
3797
3802
3804
3810
3813
3817
3822
3827
3831
3834
3838
3848
3854
3856
3864
3871
3873
3878
3883
3888
3892
3897
3902
3910
3915
3919
3926
3928
3941
3948
3951
3956
3961
3971
3974
3984
3992
4001
4006
4009
4014
4018
4027
4031
4040
4045
4054
4059
4065
4070
4078
4081
4085
4091
4095
4100
4109
4113
4118
4125
4130
4137
4140
4147
4152
4154
4159
4170
4172
4179
4186
4192
4196
4203
4208
4214
4223
4233
4239
4246
4256
4264
4268
4271
4280
4291
4304
4308
4317
4324
4328
4334
4342
4347
4352
4357
4363
4368
4380
4383
4386
4389
4398
4404
4410
4418
4424
4428
4435
4442
4445
4453
4459
4460
4467
4475
4479
4485
4494
4498
4509
4512
4522
4524
4533
4539
4545
4552
4557
4562
4567
4575
4581
4589
4594
4597
4606
4614
4621
4628
4632
4643
4652
4671
4674
4686
4690
4695
4703
4709
4719
4730
4738
4749
4754
4757
4764
4769
4777
4782
4790
4806
4811
4819
4828
4832
4841
4850
4857
4864
4870
4879
4882
4891
4895
4905
4918
4922
4929
4936
4944
4949
4956
4965
4972
4979
4983
4992
5003
5012
5024
5031
5041
5051
5054
5061
5067
5076
5084
5095
5100
5115
5123
5132
5137
5142
5153
5166
5178
5183
5188
5196
5200
5203
5212
5223
5231
5237
5248
5256
5262
5267
5271
5282
5294
5317
5319
5333
5340
5347
5355
5362
5375
5395
5400
5409
5416
5420
5428
5437
5442
5453
5465
5475
5480
5492
5497
5506
5515
5528
5539
5545
5553
5559
5563
5579
5588
5596
5614
5625
5633
5641
5672
5687
5694
5696
5709
5716
5722
5738
5753
5764
5774
5783
5792
5802
5825
5838
5854
5863
5880
5900
5915
5926
5941
5951
5964
5975
6005
6015
6027
6034
6037
6045
6052
6064
6076
6086
6093
6096
6107
6124
6134
6141
6159
6169
6180
6189
6209
6220
6231
6243
6254
6263
6288
6321
6355
6365
6391
6407
6412
6429
6454
6464
6479
6493
6501
6513
6522
6545
6561
6573
6585
6595
6603
6621
6639
6652
6677
6689
6699
6711
6717
6726
6737
6760
6776
6796
6808
6824
6835
6848
6859
6873
6891
6905
6915
6945
6973
7001
7022
7035
7054
7070
7087
7101
7130
7163
7195
7208
7242
7255
7280
7292
7302
7326
7335
7353
7371
7381
7400
7425
7440
7457
7502
7528
7545
7553
7578
7607
7613
7629
7650
7675
7686
7706
7723
7743
7762
7781
7808
7819
7851
7873
7886
7899
7914
7923
7933
7952
7973
7990
8008
8040
8064
8081
8113
8140
8174
8189
8212
8227
8243
8267
8279
8294
8316
8325
8347
8365
8380
8417
8439
8447
8465
8492
8517
8544
8568
8589
8602
8623
8646
8663
8697
8716
8739
8746
8772
8787
8796
8845
8861
8901
8937
8960
8983
8994
9028
9055
9076
9120
9135
9163
9188
9215
9238
9254
9297
9329
9371
9380
9424
9443
9472
9511
9541
9572
9644
9683
9707
9731
9803
9817
9887
9897
9938
9986
10047
10098
10133
10150
10188
10220
10244
10268
10327
10338
10370
10389
10416
10457
10498
10550
10602
10656
10687
10710
10744
10802
10846
10853
10918
10965
10996
11046
11095
11123
11165
11215
11240
11294
11335
11370
11429
11481
11594
11611
11672
11708
11723
11772
11879
11925
11997
12039
12075
12104
12171
12256
12296
12338
12385
12412
12435
12476
12519
12568
12609
12676
12723
12804
12838
12873
12963
13019
13042
13091
13121
13173
13231
13275
13319
13388
13441
13479
13514
13566
13622
13641
13685
13750
13807
13845
13895
14047
14124
14222
14282
14366
14447
14596
14698
14725
14784
14845
14924
15005
15147
15210
15250
15346
15419
15506
15663
15698
15793
15901
15995
16045
16106
16170
16255
16331
16451
16581
16729
16914
17034
17209
17355
17409
17524
17637
17697
17775
17863
17971
18006
18123
18233
18335
18506
18596
18695
18773
18884
18962
19028
19130
19233
19331
19469
19569
19687
19774
19929
20008
20090
20212
20475
20668
20751
20952
21185
21349
21446
21644
21738
21863
21976
22206
22326
22500
22678
22993
23124
23264
23377
23587
23850
23976
24262
24388
24571
24714
25102
25269
25449
25799
26307
26376
26601
26959
27021
27253
27384
27555
27784
28125
28319
28432
28676
29010
29122
29549
29843
29952
30124
30407
30554
30769
31193
31742
31937
32429
32618
32831
33139
33584
33742
34273
34463
35023
35665
36095
36498
36890
37246
37853
38326
38915
39695
40135
40750
41400
41582
42093
42554
43615
43918
44942
46091
46635
48028
48773
49366
50215
50994
51717
52253
52809
53538
53924
54672
55411
56511
57325
58544
59310
59998
60981
61848
63135
64303
65102
66466
67095
68101
69012
71267
72413
73752
76595
78608
80386
83032
85578
87653
90047
93793
97058
100660
107107
110909
115661
120298
125859
137595
141975
146750
158545
176413
192203
205086
218045
236729
270910
284258
339734
406928
478931
544103
673679
1053442
