31733
1000
3791
3798
3800
3804
3807
3809
3812
3817
3821
3824
3828
3830
3835
3840
3846
3849
3850
3857
3866
3867
3871
3874
3878
3880
3885
3886
3890
3893
3904
3907
3910
3911
3912
3917
3920
3928
3939
3946
3953
3955
3958
3964
3971
3975
3983
3989
3996
4002
4006
4010
4020
4025
4027
4035
4036
4044
4045
4052
4057
4059
4071
4075
4076
4079
4083
4086
4089
4094
4097
4099
4103
4106
4108
4112
4117
4119
4122
4125
4129
4132
4137
4142
4146
4150
4153
4154
4159
4164
4169
4173
4180
4183
4190
4194
4201
4205
4218
4226
4230
4236
4247
4250
4256
4260
4265
4267
4272
4277
4284
4288
4299
4303
4310
4315
4318
4326
4331
4334
4339
4344
4348
4351
4355
4360
4362
4364
4376
4380
4383
4391
4392
4397
4404
4412
4416
4420
4423
4425
4429
4431
4435
4438
4444
4448
4454
4456
4460
4464
4467
4470
4479
4484
4489
4496
4501
4507
4513
4519
4524
4528
4533
4539
4544
4547
4553
4558
4561
4570
4577
4582
4585
4589
4596
4600
4603
4614
4617
4628
4635
4640
4643
4658
4662
4669
4673
4677
4681
4686
4688
4696
4705
4711
4721
4723
4730
4741
4748
4753
4756
4768
4772
4773
4781
4789
4799
4805
4807
4812
4818
4823
4828
4831
4836
4841
4848
4848
4856
4868
4874
4880
4882
4892
4896
4903
4909
4914
4917
4925
4933
4939
4945
4951
4957
4965
4967
4977
4983
4988
4993
4996
5002
5013
5020
5029
5035
5040
5044
5047
5056
5061
5065
5080
5089
5096
5098
5109
5114
5121
5124
5133
5133
5139
5146
5151
5153
5159
5169
5174
5175
5181
5190
5196
5199
5203
5208
5211
5226
5236
5245
5248
5255
5257
5271
5279
5282
5288
5294
5301
5306
5314
5321
5327
5334
5340
5343
5351
5364
5374
5387
5395
5403
5407
5414
5419
5429
5434
5440
5444
5451
5458
5470
5477
5485
5492
5498
5501
5507
5522
5531
5539
5544
5547
5553
5556
5563
5578
5587
5596
5607
5614
5630
5650
5661
5672
5680
5685
5687
5690
5700
5711
5719
5730
5743
5750
5764
5774
5782
5790
5799
5811
5827
5839
5854
5866
5870
5881
5888
5897
5909
5919
5934
5945
5951
5961
5969
5977
5998
6009
6015
6018
6026
6030
6036
6044
6049
6057
6061
6072
6079
6089
6092
6097
6107
6113
6119
6122
6130
6138
6156
6169
6171
6176
6189
6203
6205
6222
6237
6247
6266
6302
6319
6334
6340
6355
6363
6390
6407
6420
6429
6443
6454
6463
6477
6482
6491
6504
6513
6523
6535
6542
6555
6561
6581
6593
6599
6618
6626
6646
6651
6665
6679
6689
6692
6696
6702
6709
6721
6737
6744
6753
6768
6785
6798
6801
6815
6825
6837
6842
6858
6872
6885
6906
6924
6945
6971
6983
7005
7012
7021
7026
7042
7056
7078
7082
7090
7126
7156
7178
7191
7217
7234
7239
7251
7263
7274
7287
7300
7309
7326
7336
7355
7361
7371
7407
7409
7416
7425
7447
7476
7477
7493
7507
7520
7532
7540
7555
7568
7581
7589
7607
7617
7637
7651
7661
7680
7685
7694
7719
7728
7755
7776
7784
7793
7814
7828
7859
7866
7871
7885
7893
7905
7924
7932
7954
7983
7992
8023
8026
8048
8076
8088
8105
8133
8149
8168
8174
8195
8201
8216
8221
8236
8256
8264
8269
8279
8296
8308
8315
8345
8364
8403
8415
8430
8446
8463
8481
8514
8531
8545
8561
8573
8592
8602
8625
8629
8644
8666
8676
8685
8701
8719
8732
8746
8755
8788
8844
8856
8884
8912
8935
8950
8977
9009
9021
9044
9088
9112
9118
9135
9170
9187
9193
9223
9238
9275
9308
9315
9331
9344
9362
9378
9401
9425
9449
9511
9542
9579
9625
9650
9677
9707
9726
9746
9795
9810
9819
9876
9884
9928
9967
9989
10024
10062
10088
10101
10125
10143
10173
10196
10249
10287
10315
10318
10333
10338
10376
10393
10413
10438
10478
10500
10541
10569
10588
10675
10690
10709
10744
10761
10782
10839
10851
10873
10903
10948
10981
10998
11020
11080
11099
11152
11186
11194
11230
11273
11315
11336
11383
11448
11482
11527
11561
11652
11694
11732
11777
11819
11842
11886
11918
11951
11974
12001
12038
12062
12081
12106
12155
12261
12296
12319
12340
12355
12385
12422
12478
12497
12503
12588
12617
12650
12706
12759
12816
12838
12871
12951
12979
13008
13042
13111
13136
13160
13211
13241
13275
13291
13343
13389
13401
13454
13473
13500
13558
13593
13627
13638
13703
13766
13807
13829
13919
13989
14049
14101
14165
14260
14309
14384
14428
14510
14582
14674
14772
14811
14865
15005
15106
15128
15156
15244
15323
15358
15456
15497
15578
15620
15665
15706
15771
15816
15950
15972
16039
16104
16127
16250
16287
16353
16457
16539
16652
16874
17022
17033
17113
17325
17393
17424
17502
17543
17639
17673
17697
17752
17820
17881
18055
18090
18148
18250
18352
18437
18479
18543
18582
18658
18700
18856
18884
18928
18979
19102
19171
19258
19414
19493
19583
19690
19840
19939
20018
20130
20217
20315
20526
20707
20746
20832
21071
21151
21248
21476
21556
21628
21726
21756
21919
22127
22379
22497
22599
22706
22805
22886
23028
23161
23268
23368
23511
23729
23966
24103
24226
24381
24471
24601
24865
25053
25230
25416
25765
25914
26089
26285
26380
26571
26626
26819
27033
27152
27338
27397
27589
27976
28069
28192
28367
28558
28879
29041
29205
29381
29617
29677
29896
30167
30267
30547
30633
30827
31123
31534
31958
32104
32429
32508
32766
32950
33393
33531
33987
34195
34422
34771
35056
35497
35865
36040
36298
36546
36984
37691
37848
38701
39001
39132
39731
40172
40896
41343
41702
42093
42332
43194
43701
44406
45125
45416
45925
46462
47264
48411
48803
49578
50113
50276
50882
51136
51646
52196
52611
52920
53544
53903
54526
55450
56015
56451
57241
58259
58506
59736
60435
61160
61802
62195
63207
63944
64985
65442
66288
66883
67458
69031
69931
71749
72309
74074
74828
76595
79041
80522
81874
83370
85330
87483
89545
91765
94448
97839
101524
106854
110210
113306
116775
120569
124215
132729
138034
143620
147678
163746
170206
179390
187242
193887
210294
220876
230166
249141
275002
337562
354026
412083
458990
497433
575990
781727
1074284
