31501
1000
3814
3817
3819
3824
3827
3830
3835
3842
3846
3848
3850
3856
3864
3868
3871
3874
3877
3878
3884
3884
3889
3893
3901
3906
3909
3910
3911
3917
3920
3927
3937
3942
3948
3953
3955
3960
3970
3975
3981
3989
3996
3999
4002
4006
4015
4023
4032
4034
4039
4040
4044
4050
4054
4060
4066
4070
4073
4078
4079
4083
4087
4095
4096
4100
4101
4104
4108
4112
4113
4117
4120
4122
4124
4130
4134
4138
4142
4147
4150
4153
4156
4162
4164
4170
4176
4182
4186
4190
4197
4202
4214
4221
4228
4234
4238
4246
4250
4254
4257
4265
4269
4276
4282
4287
4295
4299
4304
4310
4316
4321
4329
4333
4337
4341
4344
4345
4350
4352
4356
4358
4369
4378
4382
4387
4388
4396
4399
4404
4411
4413
4417
4420
4425
4428
4430
4433
4434
4440
4443
4449
4454
4456
4462
4465
4472
4475
4483
4486
4494
4498
4505
4511
4515
4523
4524
4531
4537
4540
4544
4550
4557
4566
4572
4576
4580
4584
4589
4593
4596
4598
4610
4616
4621
4629
4638
4643
4654
4658
4664
4672
4674
4678
4686
4687
4696
4703
4709
4721
4723
4728
4743
4749
4753
4755
4764
4769
4773
4781
4786
4795
4800
4806
4810
4813
4822
4826
4828
4829
4834
4842
4846
4855
4862
4865
4874
4880
4884
4896
4902
4908
4911
4915
4922
4932
4939
4944
4950
4954
4957
4965
4967
4978
4985
4990
4992
4997
5006
5016
5023
5028
5036
5040
5044
5053
5060
5064
5077
5084
5090
5098
5101
5108
5115
5122
5125
5129
5135
5142
5145
5148
5152
5158
5170
5173
5178
5183
5189
5193
5198
5201
5209
5219
5228
5239
5245
5248
5256
5265
5272
5281
5285
5288
5293
5297
5303
5310
5315
5322
5334
5336
5343
5354
5362
5377
5385
5393
5405
5407
5411
5421
5431
5437
5441
5446
5452
5458
5471
5477
5487
5492
5496
5497
5505
5511
5528
5531
5539
5544
5552
5557
5568
5580
5586
5589
5607
5620
5632
5649
5656
5667
5678
5683
5685
5688
5699
5708
5726
5732
5741
5754
5762
5767
5779
5788
5797
5818
5827
5835
5851
5863
5870
5880
5888
5895
5909
5921
5934
5944
5949
5956
5969
5976
5994
6005
6011
6015
6020
6025
6031
6034
6043
6057
6060
6062
6069
6078
6082
6088
6099
6107
6111
6116
6123
6136
6151
6160
6170
6177
6187
6197
6204
6222
6234
6243
6266
6303
6316
6324
6335
6338
6355
6377
6403
6407
6425
6433
6446
6464
6471
6475
6485
6498
6510
6517
6524
6535
6549
6552
6567
6583
6593
6609
6621
6639
6646
6657
6671
6678
6686
6692
6695
6701
6713
6721
6731
6741
6756
6779
6789
6795
6804
6824
6827
6837
6848
6869
6879
6904
6909
6928
6947
6967
6985
7001
7010
7018
7022
7042
7057
7079
7086
7120
7134
7166
7182
7188
7207
7224
7238
7251
7266
7278
7292
7301
7314
7321
7333
7350
7361
7370
7389
7404
7409
7419
7432
7472
7474
7490
7506
7521
7531
7538
7546
7568
7578
7587
7605
7617
7627
7652
7662
7674
7686
7698
7714
7739
7753
7771
7784
7790
7798
7825
7847
7861
7871
7882
7887
7905
7921
7926
7943
7977
7983
8007
8025
8049
8070
8087
8097
8129
8146
8161
8174
8186
8194
8211
8218
8226
8247
8256
8266
8276
8288
8301
8316
8337
8364
8396
8408
8429
8445
8453
8477
8503
8522
8534
8545
8560
8588
8595
8611
8630
8636
8648
8668
8676
8699
8715
8720
8734
8754
8780
8832
8844
8871
8902
8931
8949
8967
8989
9008
9035
9063
9096
9115
9132
9141
9173
9192
9213
9236
9270
9281
9308
9319
9338
9350
9363
9386
9408
9442
9481
9524
9540
9592
9637
9664
9694
9714
9737
9783
9794
9807
9849
9872
9910
9942
9967
9991
10038
10071
10089
10100
10133
10147
10184
10229
10248
10286
10307
10315
10322
10338
10377
10391
10413
10443
10489
10527
10538
10564
10607
10662
10687
10715
10731
10748
10776
10835
10851
10876
10914
10945
10976
10994
11016
11080
11109
11155
11185
11191
11219
11274
11296
11336
11413
11439
11468
11523
11563
11652
11694
11732
11772
11809
11842
11878
11913
11942
11970
12008
12036
12047
12078
12105
12131
12242
12294
12307
12331
12353
12385
12443
12465
12484
12505
12578
12616
12641
12692
12738
12804
12835
12862
12916
12951
12988
13042
13109
13125
13156
13202
13216
13270
13275
13313
13359
13400
13440
13461
13482
13539
13583
13609
13631
13668
13732
13807
13823
13845
13977
14033
14092
14163
14211
14285
14363
14396
14480
14573
14647
14735
14797
14841
14988
15042
15106
15147
15208
15297
15350
15428
15481
15539
15587
15650
15688
15729
15774
15863
15972
16001
16054
16115
16189
16255
16312
16412
16451
16611
16722
16996
17009
17033
17263
17355
17412
17432
17502
17582
17642
17680
17728
17752
17817
17946
18045
18069
18197
18255
18364
18427
18479
18563
18617
18644
18803
18855
18897
18947
18974
19084
19208
19271
19401
19497
19587
19722
19848
19939
20029
20116
20198
20340
20639
20703
20733
20832
21057
21168
21348
21449
21587
21638
21699
21750
22031
22141
22379
22503
22576
22687
22775
22861
23049
23143
23248
23364
23511
23704
23966
24051
24226
24357
24430
24557
24867
25048
25197
25489
25759
25899
26040
26244
26343
26524
26626
26790
27004
27117
27288
27379
27549
27772
28032
28153
28299
28522
28879
29010
29205
29310
29564
29646
29881
29997
30267
30489
30570
30816
31089
31465
31859
32058
32308
32469
32545
32825
33331
33467
33644
34077
34363
34658
34966
35431
35702
35984
36213
36404
36829
37219
37724
38613
38759
38993
39417
39952
40333
41336
41517
42038
42204
42679
43574
44134
44566
45263
45690
46167
46993
47760
48611
49387
49917
50142
50552
51020
51404
51982
52415
52663
53364
53685
54271
55105
55807
56015
57174
57751
58271
58780
59736
60609
61417
61899
62190
63346
64302
64971
65560
66351
67033
67931
69341
70072
71683
72983
74074
75916
76669
79079
80630
81779
83873
85511
87526
90006
91870
94752
98507
102469
107965
110210
115227
116947
120303
124385
133526
137446
143740
147449
163473
172032
179390
186971
194365
210294
220375
230007
248726
274639
337155
353522
411661
458291
496867
575201
780903
1073068
